-10000.00
-10000.00
-10000.00
-10000.00
-10000.00
-10000.00
-10000.00
-10000.00
-10000.00
-10000.00
-10000.00
-10000.00
-10000.00
-10000.00
-10000.00
-10000.00
-10000.00
-10000.00
-10000.00
-10000.00
-10000.00
-10000.00
-10000.00
-10000.00
-10000.00
-10000.00
-10000.00
-10000.00
-10000.00
-10000.00
-10000.00
-10000.00
-10000.00
-10000.00
-10000.00
-10000.00
-10000.00
-10000.00
-10000.00
-10000.00
-10000.00
-10000.00
-10000.00
-10000.00
-10000.00
-10000.00
-10000.00
-10000.00
-10000.00
-10000.00
-10000.00
-10000.00
-10000.00
-10000.00
-10000.00
-10000.00
-10000.00
-10000.00
-10000.00
-10000.00
-10000.00
-10000.00
-10000.00
-10000.00
-10000.00
-10000.00
-10000.00
-10000.00
-10000.00
-10000.00
-10000.00
-10000.00
-125.46
-134.74
-124.63
-136.96
-138.14
-137.18
-131.41
-136.40
-135.78
-72.42
-97.02
-75.43
-74.38
-81.42
-71.22
-70.47
-82.99
-79.39
-33.88
-37.77
-55.46
-36.56
-34.52
-37.33
-37.11
-42.38
-64.84
-24.77
-25.55
-26.49
-24.52
-26.30
-25.30
-25.52
-24.59
-26.77
-26.62
-27.11
-28.02
-26.91
-26.80
-26.19
-29.31
-26.57
-27.30
35.43
3.95
-12.49
-2.82
-5.99
-10.86
-6.12
30.48
16.63
125.32
87.06
174.07
121.39
103.99
103.05
89.94
237.08
197.72
286.83
331.80
270.20
541.97
226.88
259.98
311.52
369.53
249.29
580.09
423.52
468.43
734.27
578.29
451.19
440.56
527.52
587.45
632.09
625.14
632.28
630.47
593.10
621.42
623.95
628.65
589.51
321.25
359.83
308.13
342.13
330.11
348.63
348.86
355.14
342.93
17.33
37.76
36.77
33.72
37.45
30.30
17.24
35.65
19.68
-29.53
-30.05
-32.64
-29.90
-28.26
-30.01
-29.48
-30.10
-30.52
-36.43
-35.92
-36.92
-36.05
-36.62
-37.00
-36.53
-36.79
-36.00
-36.62
-37.35
-37.98
-38.77
-39.21
-41.06
-47.97
-37.42
-41.69
-56.69
-56.68
-62.53
-61.87
-60.39
-69.56
-57.77
-57.89
-58.99
-105.70
-105.04
-111.67
-112.13
-115.07
-105.31
-109.84
-116.30
-116.66
-180.91
-189.12
-182.46
-182.31
-181.90
-186.58
-183.33
-186.13
-181.09
-10000.00
-10000.00
-10000.00
-10000.00
-10000.00
-10000.00
-10000.00
-10000.00
-10000.00
-10000.00
-10000.00
-10000.00
-10000.00
-10000.00
-10000.00
-10000.00
-10000.00
-10000.00
-10000.00
-10000.00
-10000.00
-10000.00
-10000.00
-10000.00
-10000.00
-10000.00
-10000.00
-10000.00
-10000.00
-10000.00
-10000.00
-10000.00
-10000.00
-10000.00
-10000.00
-10000.00
-10000.00
-10000.00
-10000.00
-10000.00
-10000.00
-10000.00
-10000.00
-10000.00
-10000.00
-10000.00
-10000.00
-10000.00
-10000.00
-10000.00
-10000.00
-10000.00
-10000.00
-10000.00
-10000.00
-10000.00
-10000.00
-10000.00
-10000.00
-10000.00
-10000.00
-10000.00
-10000.00
-10000.00
-10000.00
-10000.00
-10000.00
-10000.00
-10000.00
-10000.00
-10000.00
-10000.00
-10000.00
-10000.00
-10000.00
-10000.00
-10000.00
-10000.00
-10000.00
-10000.00
-10000.00
